0.160574
-0.164658
0.184870
-0.024854
-0.654224
-0.278962
-0.239232
-0.457237
-0.040561
0.179255
-0.291862
0.309306
-0.208816
0.203221
-0.249445
-0.331065
-0.158680
-0.071099
0.373865
0.130390
-0.230108
0.048074
-0.204967
-0.009134
0.568620
0.539885
-0.104320
0.445236
0.345954
0.346900
0.472857
0.534437
-0.198809
0.541080
-0.430083
0.074063
0.834481
-0.680895
0.717268
0.106119
0.112181
-0.306276
0.088308
0.431612
0.120098
-0.078238
-0.073642
-0.257242
0.311126
-0.473444
-0.107204
-0.169305
0.139354
0.064844
-0.534156
0.057975
-0.497359
0.123342
0.118671
-0.759295
0.298620
0.561706
0.197557
-0.301432
0.381879
-0.260672
-0.237569
-0.551129
0.118297
0.327721
0.278867
0.260380
-0.131966
0.219579
0.374426
0.373216
0.297074
-0.157684
0.183952
0.039042
0.583052
0.432383
-0.195289
0.103454
0.260938
-0.336266
0.348604
-0.041264
-0.254885
-0.160822
-0.545578
-0.305695
0.205104
0.302110
0.217737
-0.473814
0.085399
-0.483092
-0.286672
0.136618
0.080771
0.088540
0.650373
-0.395047
-0.785541
0.265803
-0.297297
0.114418
0.580806
0.057587
-0.364128
0.335853
-0.227624
0.265054
0.171912
0.221671
0.254785
-0.332233
-0.244842
0.406314
-0.312035
-0.575147
0.293089
-0.402708
-0.451722
0.553239
0.184613
0.102698
0.046498
0.076599
0.376654
0.145052
0.359880
0.326120
-0.213133
0.072618
-0.412746
-0.489722
0.106466
0.211954
0.570153
0.457160
-0.447449
0.269695
0.355326
-0.098578
0.618803
0.481644
0.297324
-0.129024
-0.519770
0.254413
0.235668
-0.334986
-0.051323
0.174904
-0.056210
-0.098674
-0.030825
0.073970
0.233627
0.305777
-0.171233
0.126547
0.409646
0.237982
-0.000633
-0.229432
-0.340058
0.591414
-0.252696
0.307806
-0.782872
-0.412563
-0.250068
-0.233575
-0.335934
0.008769
-0.082085
0.149723
-0.210352
0.092374
-0.440467
-0.125989
0.145577
0.236926
0.118407
-0.187544
-0.459660
-0.071379
-0.232252
0.307883
-0.106126
-0.310614
-0.009590
-0.374773
-0.232099
-0.191510
0.247576
-0.356230
-0.282347
-0.307739
0.045744
0.056925
0.273269
0.479035
-0.239246
-0.192926
-0.373557
-0.322812
0.548249
0.172303
-0.503793
-0.238995
-0.215834
0.086725
0.189872
-0.058681
0.258538
-0.270997
0.218902
-0.552637
-0.651461
0.165671
-0.404439
-0.436270
-0.082533
0.262180
-0.297215
-0.218663
-0.246466
0.266068
-0.225566
-0.261823
-0.238584
-0.236833
0.228367
-0.366537
-0.328263
-0.250315
-0.133863
-0.000734
0.322947
-0.608352
-0.486392
0.168600
0.561844
0.507101
-0.187980
-0.485971
0.529434
-0.225584
-0.344371
-0.346728
0.064052
-0.132330
0.413747
-0.027582
-0.342283
-0.574442
-0.360845
0.554448
0.271912
0.005201
0.404955
-0.212975
-0.162321
-0.383912
0.321034
-0.208460
-0.287051
-0.108759
0.038308
0.326101
0.038303
0.344357
-0.049388
-0.090303
0.238662
0.011509
0.333712
0.001855
0.095096
-0.516842
-0.360459
0.262833
0.042984
-0.667229
0.195570
0.229315
-0.165574
0.269882
0.139775
-0.084609
0.224628
0.042423
-0.172099
-0.218459
0.142696
0.674374
-0.095851
0.100829
-0.234330
-0.257053
0.149899
0.228115
-0.331076
0.335668
-0.246187
-0.234255
-0.159419
0.356242
-0.192334
-0.334081
-0.205066
-0.034672
0.108147
0.545972
0.177589
0.532644
-0.321028
0.321665
-0.164575
0.232463
-0.293036
